Chemtool Version 1.6.12
geometry 995 552
bonds 20
303	402	248	434	0	1	0
303	402	358	434	0	1	0
358	434	358	497	4	1	0
358	434	413	402	0	1	0
413	402	468	434	0	1	0
468	434	522	402	0	1	0
522	402	522	338	4	1	0
522	402	576	434	0	1	0
632	406	577	438	0	1	0
632	406	687	438	0	1	0
687	438	687	501	4	1	0
687	438	742	406	0	1	0
742	406	797	438	0	1	0
797	438	851	406	0	1	0
851	406	851	342	4	1	0
851	406	905	438	0	1	0
303	402	303	338	0	0	0
468	434	468	498	0	0	0
632	406	632	342	0	0	0
797	438	797	502	0	0	0
atoms 13
248	434	N	-1	0	0	3
358	497	O	-1	0	0	3
413	402	N	-1	0	0	3
522	338	O	-1	0	0	3
577	438	N	-1	0	0	3
687	501	O	-1	0	0	3
742	406	N	-1	0	0	3
851	342	O	-1	0	0	3
905	438	OH	0	0	1	3
303	338	R_1	0	0	1	3
468	498	R_2	0	0	1	3
632	342	R_3	0	0	1	3
797	502	R_4	0	0	1	3
splines 0
scalefactors 10.668000 2
